gt	id	allele	2h1	2h2	2h3	2h4	2h5	2h6	24h1	24h2	24h3	24h4	24h5	24h6	2mean	24mean	p1	p2	p3	p4	p5	p6
1	265	Allele 1	1035	540	525	570	345	570	270	810	855	720	780	810	597.5	707.5	0.739130435	-0.5	-0.628571429	-0.263157895	-1.260869565	-0.421052632
1	339	Allele 1	1260	975	1350	1140	1710	1020	120	270	150	120	60	90	1242.5	135	0.904761905	0.723076923	0.888888889	0.894736842	0.964912281	0.911764706
1	373	Allele 1	7050	13800	11400	4800	2850	3750	480	345	375	600	720	525	7275	507.5	0.931914894	0.975	0.967105263	0.875	0.747368421	0.86
1	797	Allele 1	8550	9000	6750	7050	3750	6300	3945	4380	1050	3225	2445	3795	6900	3140	0.538596491	0.513333333	0.844444444	0.542553191	0.348	0.397619048
1	176	Allele 1	12900	25500	18300	28200	23850	31500	4050	2550	3900	4050	4050	4350	23375	3825	0.686046512	0.9	0.786885246	0.856382979	0.830188679	0.861904762
1	405	Allele 1	7500	8700	9300	4050	7500	15000	210	390	270	240	225	285	8675	270	0.972	0.955172414	0.970967742	0.940740741	0.97	0.981
1	133	Allele 1	23700	27000	14550	17250	16500	23550	165	263	261	204	177	50	20425	186.5	0.993037975	0.990277778	0.982061856	0.988173913	0.989272727	0.997898089
1	482	Allele 1	44850	37500	22500	45000	37500	31350	275	383	338	255	248	225	36450	287	0.993879599	0.9898	0.985	0.994333333	0.9934	0.992822967
1	666	Allele 1	66	60	105	27	122	119	0	0	0	0	0	0	83	0	1	1	1	1	1	1
1	710	Allele 1	6150	5850	7800	10500	4650	3450	180	300	225	375	315	150	6400	257.5	0.970731707	0.948717949	0.971153846	0.964285714	0.932258065	0.956521739
2	241	HE	750	840	900	585	1050			90	120	210	285	75	825	156		0.892857143	0.866666667	0.641025641	0.728571429	
2	661	HE	2040	1410	1020	1005	1080	1620	300		180	375	135	510	1362.5	300	0.852941176		0.823529412	0.626865672	0.875	0.685185185
2	953	HE	63000	52500	49500	63000	45000		1350	2700	3000	2250	6000	2400	54600	2950	0.978571429	0.948571429	0.939393939	0.964285714	0.866666667	
2	540	HE	1200	2250	3300	3900	2400	1650	162	183	221	240	185	186	2450	196	0.865	0.918666667	0.933181818	0.938461538	0.923125	0.887272727
2	549	HE	2550	4050	4350	3450	2550	3150	192	239	111	216	227	134	3350	186.25	0.924705882	0.941111111	0.974482759	0.937391304	0.911176471	0.957619048
2	561	HE	3750	2550	2400	3750	3600	2850	104	177	342	194	224	110	3150	191.5	0.9724	0.930588235	0.8575	0.9484	0.937916667	0.961578947
2	604	HE	3300	2700	3750	1950	3300	2850	159	242	245	65	276	279	2975	210.75	0.951818182	0.910555556	0.9348	0.966923077	0.916363636	0.902105263
2	217	HE	5100	12000	13500	12000	13350	13800	405	435	420	585	360	315	11625	420	0.920588235	0.96375	0.968888889	0.95125	0.973033708	0.977173913
2	27	HE		39000	54150	36000	26850	25500	173	432	381	348	303	306	36300	323.75		0.988923077	0.992963989	0.990333333	0.988715084	0.988
2	946	HE	4350	4200	5850	6750	6000	1500	600	1050	1125	750	450	1080	4775	842.5	0.862068966	0.75	0.807692308	0.888888889	0.925	0.28
2	963	HE	3450	5550	6750	4800	4350	3900	600	585	240	900	480	750	4800	592.5	0.826086957	0.894594595	0.964444444	0.8125	0.889655172	0.807692308
2	009	HE	2715	2685	4545	2850	4020	4575	315	870	630	915	540	990	3565	710	0.883977901	0.675977654	0.861386139	0.678947368	0.865671642	0.783606557
2	825	HE	1965	1770	2370	3075	1365	1170	150	345	1050	135	195	255	1952.5	355	0.923664122	0.805084746	0.556962025	0.956097561	0.857142857	0.782051282
3	702	Allele 2	480	1380	540	495	675	330	180	105	90	420	210	150	650	192.5	0.625	0.923913043	0.833333333	0.151515152	0.688888889	0.545454545
3	515	Allele 2	2715	2295	1800	1215	2370	1995	675	720	495	870	465	1350	2065	762.5	0.751381215	0.68627451	0.725	0.283950617	0.803797468	0.323308271
3	921	Allele 2	11850	8700	6300	2100	11400	7050	495	600	405	210	420	330	7900	410	0.958227848	0.931034483	0.935714286	0.9	0.963157895	0.953191489
3	344	Allele 2	12600	12600	8400	8550	11400	11250	2250	2400	1725	1605	900	600	10800	1580	0.821428571	0.80952381	0.794642857	0.812280702	0.921052632	0.946666667
3	485	Allele 2	8250	7050	4650	7500		5550	1005	540	525	480	480	375	6600	567.5	0.878181818	0.923404255	0.887096774	0.936		0.932432432
3	535	Allele 2	21600	22500	18450	14550	16500	25500	1800	1650	4500	2100		3000	19850	2610	0.916666667	0.926666667	0.756097561	0.855670103		0.882352941
3	724	Allele 2	52500	45000	29400	48000	60000	45150	2550	2700	2100	9000	4050	1800	46675	3700	0.951428571	0.94	0.928571429	0.8125	0.9325	0.96013289
3	421	Allele 2	4350	4500	7500	4800	6600	7650	1035	1125	1050	525	1065	750	5900	925	0.762068966	0.75	0.86	0.890625	0.838636364	0.901960784
3	84	Allele 2	870	765	975	885	1125	885	495	360	360	60	45	195	917.5	252.5	0.431034483	0.529411765	0.630769231	0.93220339	0.96	0.779661017
3	113	Allele 2	1395	1785	1650	1485	1515	1530	240	375	420	540	360	90	1560	337.5	0.827956989	0.789915966	0.745454545	0.636363636	0.762376238	0.941176471
